m=1; g=9.8; k=0.1; v0=200; teta0 = pi/8;